pc11_state_id,pc11_district_id,pc_hospitals_r,pc_hospitals_u,pc_hosp_beds_u,pc_pmed_pos_r,pc_pmed_pos_u,pc_docs_pos_r,pc_docs_pos_u,pc_docs_hosp_u,pc_docs_hosp_r,pc_clinics_r,pc_clinics_u,pc_clinic_beds_u,pc11_pca_tot_p,pc_clinics,pc_docs,pc_docs_hosp,pc_pmeds,pc_num_hospitals
01,001,8,1,100,684,76,374,42,14,10,195,7,168,870311,202,416,24,760,9
01,002,13,6,316,573,496,299,148,111,14,208,14,480,734110,222,447,125,1069,19
01,003,0,1,150,369,133,68,56,31,0,118,4,260,133487,122,124,31,502,1
01,004,6,1,22,393,83,67,41,17,6,154,6,197,140802,160,108,23,476,7
01,005,6,2,270,246,101,85,47,36,6,101,55,311,476752,156,132,42,347,8
01,006,3,3,380,551,233,201,81,52,4,226,53,570,642302,279,282,56,784,6
01,007,5,5,205,678,285,265,66,57,15,216,12,234,615999,228,331,72,963,10
01,008,6,6,341,581,429,352,152,86,8,202,34,605,1007916,236,504,94,1010,12
01,009,2,0,0,276,122,124,31,0,3,80,7,82,392232,87,155,3,398,2
01,010,0,3,204,29,69,15,43,35,0,9,9,241,49962,18,58,35,98,3
01,011,3,1,30,384,71,183,30,13,5,108,7,72,297438,115,213,18,455,4
01,012,8,4,116,514,208,251,87,67,12,148,7,176,560399,155,338,79,722,12
01,013,4,1,40,273,41,150,17,3,6,71,1,67,266175,72,167,9,314,5
01,014,5,8,284,613,445,321,96,50,12,176,30,469,928430,206,417,62,1058,13
01,015,2,4,18,293,147,126,34,11,5,70,12,109,424089,82,160,16,440,6
01,016,2,3,140,352,388,187,71,40,2,170,13,281,409784,183,258,42,740,5
01,017,1,3,80,91,96,51,52,29,1,62,6,157,283713,68,103,30,187,4
01,018,1,1,100,242,52,73,25,19,4,77,2,126,230696,79,98,23,294,2
01,019,1,3,145,353,212,170,87,59,2,186,12,210,554808,198,257,61,565,4
01,020,1,1,16,265,81,127,33,2,2,129,3,89,314528,132,160,4,346,2
01,021,6,11,1251,829,976,364,362,243,20,271,31730,1954,1529413,32001,726,263,1805,17
01,022,4,5,86,284,137,111,70,51,5,104,45,182,318444,149,181,56,421,9
02,023,12,5,374,231,253,274,60,40,7,343,11,476,517779,354,334,47,484,17
02,024,19,9,705,1509,502,1121,145,76,59,1069,196,970,1503754,1265,1266,135,2011,28
02,025,2,0,0,146,0,95,0,0,9,57,0,0,28654,57,95,9,146,2
02,026,11,3,280,150,285,135,75,41,9,218,31,378,437499,249,210,50,435,14
02,027,12,6,727,650,382,562,99,65,16,617,23,899,992554,640,661,81,1032,18
02,028,1,3,340,312,140,215,59,27,1,279,26,419,449994,305,274,28,452,4
02,029,4,2,166,494,85,346,31,12,10,362,28,239,519592,390,377,22,579,6
02,030,1,2,275,198,307,183,51,28,3,203,17,355,380550,220,234,31,505,3
02,031,9,8,433,346,312,310,107,76,23,296,34,527,565582,330,417,99,658,17
02,032,10,3,418,171,158,195,85,58,7,263,16,478,528407,279,280,65,329,13
02,033,5,14,2193,431,696,453,399,206,9,448,69,2444,803404,517,852,215,1127,19
02,034,5,0,0,110,0,97,0,0,5,97,0,0,83257,97,97,5,110,5
03,035,21,19,588,831,894,668,228,95,27,591,802,1382,2297611,1393,896,122,1725,40
03,036,30,12,366,505,342,475,111,37,30,402,1210,776,813754,1612,586,67,847,42
03,037,23,30,952,945,667,660,265,130,51,552,842,1368,2192137,1394,925,181,1612,53
03,038,81,9,553,1320,347,1309,159,91,81,1647,9050,941,1585942,10697,1468,172,1667,90
03,039,13,3,124,432,106,322,38,28,17,288,61,133,611974,349,360,45,538,16
03,040,0,9,380,79,234,57,137,100,0,98,312,722,600017,410,194,100,313,9
03,041,25,10,489,842,647,755,166,96,26,574,3266,672,3498403,3840,921,122,1489,35
03,042,17,6,230,462,174,337,49,33,17,318,81,268,995544,399,386,50,636,23
03,043,25,16,386,825,397,753,102,74,34,731,536,424,2028656,1267,855,108,1222,41
03,044,13,4,185,411,140,313,35,29,19,216,42,213,901787,258,348,48,551,17
03,045,9,4,680,255,202,175,231,210,9,302,76,728,617499,378,406,219,457,13
03,046,7,8,299,650,482,459,123,58,7,331,461,639,1388498,792,582,65,1132,15
03,047,4,2,150,397,248,264,39,24,4,204,54,220,769750,258,303,28,645,6
03,048,15,18,1287,442,1703,428,130,53,15,446,273,1682,1895446,719,558,68,2145,33
03,049,19,49,1839,544,1154,448,199,101,22,427,948,2537,2486948,1375,647,123,1698,68
03,050,63,4,161,532,119,476,38,19,43,641,131,209,1119497,772,514,62,651,67
03,051,4,6,355,351,308,244,101,60,5,169,253,487,684126,422,345,65,659,10
03,052,0,5,210,422,267,278,106,55,0,178,247,254,994513,425,384,55,689,5
03,053,7,18,483,503,391,455,105,67,7,331,27200,657,1654925,27531,560,74,894,25
03,054,8,4,168,276,205,144,47,25,8,121,33,202,595520,154,191,33,481,12
04,055,0,6,2894,24,3349,13,747,611,0,13,109,2894,1055450,122,760,611,3373,6
05,056,21,3,128,392,115,125,21,13,25,162,15,148,329229,177,146,38,507,24
05,057,20,7,168,417,179,137,53,28,23,151,27,242,387132,178,190,51,596,27
05,058,21,2,76,390,61,180,15,10,26,158,6,104,240730,164,195,36,451,23
05,059,30,6,131,796,167,216,39,24,30,286,26,190,613911,312,255,54,963,36
05,060,44,21,1149,1166,1919,329,398,156,46,352,258,2636,1695819,610,727,202,3085,65
05,061,101,6,334,2348,259,541,64,38,106,1547,24,429,668230,1571,605,144,2607,107
05,062,39,13,224,501,183,141,28,10,47,225,27,400,475509,252,169,57,684,52
05,063,15,1,60,229,46,116,17,11,18,169,7,64,256541,176,133,29,275,16
05,064,40,6,460,773,241,199,42,31,42,217,27,467,615610,244,241,73,1014,46
05,065,9,4,100,256,77,85,35,14,9,108,25,153,257697,133,120,23,333,13
05,066,31,10,977,588,680,362,311,267,56,880,123,1107,951892,1003,673,323,1268,41
05,067,8,11,404,433,389,103,134,92,13,1438,135,510,1648323,1573,237,105,822,19
05,068,0,21,758,529,835,168,191,114,0,1875,219,1035,1889962,2094,359,114,1364,21
06,069,0,5,225,119,334,41,96,87,0,71,61,225,561268,132,137,87,453,5
06,070,0,7,384,305,299,80,92,68,0,241,242,422,1128172,483,172,68,604,7
06,071,0,8,218,258,187,82,101,85,0,267,114,218,1213951,381,183,85,445,8
06,072,0,5,196,362,320,117,106,50,0,170,60,296,964601,230,223,50,682,5
06,073,0,4,165,478,194,101,32,27,0,198,56,165,1074268,254,133,27,672,4
06,074,0,7,348,387,465,91,71,61,0,244,158,370,1505074,402,162,61,852,7
06,075,0,4,213,300,152,88,52,34,0,209,119,214,1205416,328,140,34,452,4
06,076,1,4,184,811,297,340,72,60,225,286,118,186,1449943,404,412,285,1108,5
06,077,0,5,330,652,318,235,57,47,0,215,55,354,1334132,270,292,47,970,5
06,078,0,4,240,269,146,68,71,62,0,163,77,250,941925,240,139,62,415,4
06,079,1,5,232,534,218,155,45,32,5,278,113,242,1295138,391,200,37,752,6
06,080,0,6,394,752,386,168,102,69,0,329,199,471,1743931,528,270,69,1138,6
06,081,0,6,585,852,475,195,89,72,0,311,119,610,1634377,430,284,72,1327,6
06,082,0,5,1891,522,886,98,421,409,0,171,139,1891,1061204,310,519,409,1408,5
06,083,0,3,145,508,185,163,60,49,0,244,61,145,958340,305,223,49,693,3
06,084,0,5,208,335,157,105,41,29,0,171,62,239,922035,233,146,29,492,5
06,085,0,3,140,378,161,88,45,34,0,176,99,151,900246,275,133,34,539,3
06,086,0,8,430,210,254,60,104,84,0,109,144,435,1514397,253,164,84,464,8
06,087,1,6,100,169,78,81,29,21,41,116,33,102,1089177,149,110,62,247,7
06,088,0,3,500,93,361,41,178,112,0,121,260,540,1809643,381,219,112,454,3
06,089,0,4,114,204,131,53,22,17,0,144,44,114,1042660,188,75,17,335,4
07,090,0,7,413.6363639831543,98,979,47,354.5151538848877,208.9393939971924,0,36,294,761.8181762695313,1567693,330,401.51517,208.93939,1077,7
07,091,0,0,0,0,51,0,7.25,0,0,0,16,54,287035,16,7.25,0,51,0
07,092,0,0,0,5,307,4,79,0,0,3,54,269.2000026702881,1060017,57,83,0,312,0
07,093,0,6,340,1,584,1,250,76,0,1,54,873,423082,55,251,76,585,6
07,096,0,0,0,11,204,7,32.72727203369141,0,0,2,26,201.8181762695313,663980,28,39.727272,0,215,0
07,097,1,2,150,91,232,73,141,94,1,34,46,202,525376,80,214,95,323,3
07,098,0,2,123.1304349899292,0,222,0,77.43478226661682,14.60869562625885,0,3,64,218.0869560241699,858049,67,77.434784,14.608696,222,2
08,099,0,23,867,1385,626,275,245,111,0,591,110,1107,1960966,701,520,111,2011,23
08,100,1,7,410,1791,322,555,108,59,4,560,47,488,1767110,607,663,63,2113,8
08,101,0,18,2210,2036,1563,620,440,318,0,633,102,2477,2363374,735,1060,318,3599,18
08,102,1,18,938,1930,539,511,200,101,4,656,96,1134,2039253,752,711,105,2469,19
08,103,1,38,1174,2668,883,662,358,125,4,815,165,1475,2137043,980,1020,129,3551,39
08,104,3,19,1088,3104,903,924,266,129,14,905,124,1255,3673914,1029,1190,143,4007,22
08,105,0,18,950,2057,539,582,221,120,0,591,78,1138,2548063,669,803,120,2596,18
08,106,0,8,502,665,286,168,94,49,0,233,31,563,1206446,264,262,49,951,8
08,107,0,5,440,1485,299,412,86,55,0,452,33,489,1458088,485,498,55,1784,5
08,108,1,5,366,1181,310,324,86,51,4,365,30,423,1335202,395,410,55,1491,6
08,109,0,9,407,1229,256,361,102,53,0,390,36,468,1633790,426,463,53,1485,9
08,110,1,31,1656,3473,770,1086,318,155,4,1042,105,1866,3579286,1147,1404,159,4243,32
08,111,3,44,1427,3034,986,803,398,162,12,991,151,1834,2677041,1142,1201,174,4020,47
08,112,3,39,1256,3783,762,988,298,109,12,1230,158,1532,3305780,1388,1286,121,4545,42
08,113,1,19,2357,3356,1711,762,440,317,4,1303,127,2495,3687023,1430,1202,321,5067,20
08,114,0,4,250,767,193,109,62,36,0,368,21,301,668471,389,171,36,960,4
08,115,0,5,380,2673,263,431,77,44,0,1204,29,436,2603493,1233,508,44,2936,5
08,116,0,8,531,2366,317,666,77,26,0,761,30,705,1828692,791,743,26,2683,8
08,117,0,16,423,1217,390,338,135,43,0,369,62,575,1036052,431,473,43,1607,16
08,118,3,25,1075,2557,689,592,243,104,14,848,99,1319,2037407,947,835,118,3246,28
08,119,2,31,2581,1918,1471,538,487,325,8,605,123,2920,2582868,728,1025,333,3389,33
08,120,3,9,506,1500,410,345,121,62,12,492,48,587,1420809,540,466,74,1910,12
08,121,0,14,599,1032,432,240,145,58,0,327,59,730,1109155,386,385,58,1464,14
08,122,2,24,887,2441,820,590,202,86,8,840,86,1078,2407737,926,792,94,3261,26
08,123,0,11,634,1117,389,206,149,83,0,425,44,715,1156312,469,355,83,1506,11
08,124,2,8,526,1922,302,404,107,65,8,706,29,577,1388511,735,511,73,2224,10
08,125,1,6,559,1913,241,375,76,37,4,712,27,631,1797110,739,451,41,2154,7
08,126,2,18,813,1487,428,315,156,65,8,545,64,1029,1542942,609,471,73,1915,20
08,127,0,18,1062,746,1123,189,346,207,0,250,118,1346,1950653,368,535,207,1869,18
08,128,0,11,580,950,364,216,132,59,0,332,56,656,1222144,388,348,59,1314,11
08,129,0,20,1139,1013,608,173,287,184,0,379,64,1306,1410447,443,460,184,1621,20
08,130,3,22,2169,2747,612,527,210,74,12,1095,87,2362,3067714,1182,737,86,3359,25
08,131,1,6,301,730,217,153,56,23,4,271,20,344,867172,291,209,27,947,7
09,132,2,26,674,421,489,201,168,79,5,69,127,1050,3465682,196,369,84,910,28
09,133,16,24,359,941.5,546,434,217,58,47,375,1537,1447,4143111,1912,651,105,1487.5,40
09,134,10,25,329,433,248,187,186,60,15,183,686,862,3680174,869,373,75,681,35
09,135,6,19,730,722,655,370,338,102,7,612,463,2307,4771344,1075,708,109,1377,25
09,136,3,12,234,1063,259,551,73,39,6,120,53,455,2335176,173,624,45,1322,15
09,137,5,8,144,242,230,155,152,72,6,76,530,643,1839694,606,307,78,472,13
09,138,16,13,474,644,670,342,289,30,27,365,376,1002,3443472,741,631,57,1314,29
09,139,6,14,208,315,300,183,171.125,93.375,14,2645,64,335,1302911,2709,354.125,107.375,615,20
09,140,8,14,599.1923084259033,647,1103,315,366.615385055542,114.2307691574097,12,268,673,1402.923076629639,4681549,941,681.61536,126.23077,1750,22
09,141,5,6,221.8461542129517,261,250,133,101.2307691574097,19.38461542129517,5,147,202,539.538459777832,1647619,349,234.23077,24.384615,511,11
09,142,8,11,448,501,480,399,152,43,16,199,325,976,3499033,524,551,59,981,19
09,143,6,12,646,412,391,249,270,56,7,177,196,2258,3673790,373,519,63,803,18
09,144,5,8,234,244,225,198,93,39,17,99,60,466,1564563,159,291,56,469,13
09,145,10,10,234,407,729,211,903,62,15,283,176,1317,2546804,459,1114,77,1136,20
09,146,17,110,1746,384,3932,289,1164,168,12,299,357,12746,4418723,656,1453,180,4316,127
09,147,4,12,454,530,315,250,79,43,6,180,88,576,2498101,268,329,49,845,16
09,148,13,8,405,399,447,193,89,55,13,160,73,531,1868393,233,282,68,846,21
09,149,9,19,601,368,678,203,218,84,4,199,575,947,3681681,774,421,88,1046,28
09,150,5,25,934,546,814,268,307,88,5,151,214,1774,4447632,365,575,93,1360,30
09,151,5,7,285,324,150,191,173,52,5,105,114,616,2029321,219,364,57,474,12
09,152,2,7,485,511,546,302,141,67,4,99,32,863,3004829,131,443,71,1057,9
09,153,3,10,128,637,181,388,63,26,3,213,78,265,4020617,291,451,29,818,13
09,154,25,12,232,920,649,458,133,82,32,233,73,387,4483797,306,591,114,1569,37
09,155,41,16,449,348,518,382,114,58,52,383,50,654,4092759,433,496,110,866,57
09,156,12,12,276,305,533,224,159,71,12,126,95,509,3107911,221,383,83,838,24
09,157,13,70,2418,175,1464,316,826,144,19,159,4012,7003,4589769,4171,1142,163,1639,83
09,158,23,6,241,335,647,347,192,41,41,229,86,909,3405265,315,539,82,982,29
09,159,22,8,404,309,193,192,143,113,23,199,85,510,1885116,284,335,136,502,30
09,160,1,8,174,77,247,59,66,29,1,85,70,348,1656567,155,125,30,324,9
09,161,9,5,158,158,24,135,56,36,11,103,52,277,1581776,155,191,47,182,14
09,162,23,8,130,127,211,649,56,25,56,234,64,207,1379342,298,705,81,338,31
09,163,15,4,116,178,146,199,42,6,5,209,55,239,1796076,264,241,11,324,19
09,164,8,67,4882,475,2000,304,351,248,10,149,140,5237,4581155,289,655,258,2475,75
09,165,28,9,245,310,384,320,73,46,75,219,29,379,1689508,248,393,121,694,37
09,166,10,20,844,144,1157,268,360,90,6,175,184,1584,1998250,359,628,96,1301,30
09,167,13,5,284,184,199,195,67,22,17,146,59,447,1221190,205,262,39,383,18
09,168,15,7,192,156,180,286,46,17,23,131,345,335,1104133,476,332,40,336,22
09,169,4,8,179,49,99,70,41,36,2,85,32,198,875849,117,111,38,148,12
09,170,8,58,742,194,494,162,225,138,9,164,443,1115,1799082,607,387,147,688,66
09,171,6,4,134,279,63,141,45,37,10,63,11,148,991365,74,186,47,342,10
09,172,15,9,292,425,113,237,58,26,22,327,48,494,2632479,375,295,48,538,24
09,173,26,4,188,436,320,502,74,5,33,561,108,887,3208859,669,576,38,756,30
09,174,7,5,164,163,197,104,41,9,13,90,32,263,1599559,122,145,22,360,12
09,175,20,12,476,536,480,358,213,100,29,347,95,1107,5952818,442,571,129,1016,32
09,176,19,8,301,363,436,325,108,37,40,306,1990,716,3260325,2296,433,77,799,27
09,177,16,7,354,316,371,324,97,62,39,196,61,571,2470764,257,421,101,687,23
09,178,11,1,14.85714280605316,377,110,274,30.85714244842529,1.142857149243355,40,182,47,149.2857131958008,2397261,229,304.85715,41.142857,487,12
09,179,19,7,256,494,340,299,65,35,32,309,51,422,3796476,360,364,67,834,26
09,180,4,5,268,79,299,80,68,35,6,109,34,441,3487604,143,148,41,378,9
09,181,4,2,35,205,42,92,16,6,10,46,508,57,1117225,554,108,16,247,6
09,182,7,5,235,70,222,53,79,30,6,89,101,498,2148555,190,132,36,292,12
09,183,4,5,262,268,284,181,64,39,4,90,42,420,3433700,132,245,43,552,9
09,184,1,5,52,71,86,70,48,12,1,73,38,102,2557981,111,118,13,157,6
09,185,0,3,334,160,301,105,40,27,0,49,34,473,2460778,83,145,27,461,3
09,186,9,2,60,59,200,78,24,8,18,44,178,103,1713945,222,102,26,259,11
09,187,1,9,214,37,285,61,65,32,1,54,381,420,2684496,435,126,33,322,10
09,188,9,18,300,210,391,236,163,37,32,107,128,917,4437832,235,399,69,601,27
09,189,29,6,132,373,146,330,60,22,43,159,32,257,3563955,191,390,65,519,35
09,190,10,9,441,418,416,294,119,69,33,115,147,668,3099756,262,413,102,834,19
09,191,5,9,458,420,895,199,162,14,9,171,57,1483,4608998,228,361,23,1315,14
09,192,2,8,184,140,219,92,82,43,1,52,80,245,2203065,132,174,44,359,10
09,193,0,11,383,264,407,85,78,41,0,94,1249,596,3237749,1343,163,41,671,11
09,194,8,8,225,35,249,145,72,27,26,112,75,383,4491434,187,217,53,284,16
09,195,4,7,277,109,387,171,91,42,18,161,428,602,3615085,589,262,60,496,11
09,196,6,5,275,20,229,53,42,22,3,59,2694,334,1951050,2753,95,25,249,11
09,197,18,13,1355,114,984,140,159,111,15,94,247,1571,3675555,341,299,126,1098,31
09,198,2,5,209,13,89,20,60,43,1,25,101,251,1577250,126,80,44,102,7
09,199,5,13,457,147,565,361,69,21,21,63,44,778,2495021,107,430,42,712,18
09,200,5,13,911,243,355,126,116,79,5,65,81,1022,1860919,146,242,84,598,18
09,201,5,7,254,132,339,79,77,46,19,130,156,387,1774378,286,156,65,471,12
09,202,7,7,139,72,201,46,58,22,12,58,118,238,1436632,176,104,34,273,14
10,203,0,4,436,1490,268,667,101,35,0,691,67,686,3934747,758,768,35,1758,4
10,204,0,5,386,1760,363,1374,170,29,0,658,133,700,5099299,791,1544,29,2123,5
10,205,0,1,50,143,136,82,33,20,0,103,17,77,656166,120,115,20,279,1
10,206,0,1,90,1376,191,992,52,8,0,461,24,167,3423472,485,1044,8,1567,1
10,207,0,2,225,968,156,718,61,26,0,695,30,350,4487277,725,779,26,1124,2
10,208,0,1,100,550,88,340,44,12,0,263,14,255,2229051,277,384,12,638,1
10,209,0,1,100,625,119,289,36,7,0,274,25,215,2811441,299,325,7,744,1
10,210,0,1,107,370,426,193,64,8,0,209,40,643,1690183,249,257,8,796,1
10,211,0,1,500,890,298,431,76,30,0,266,12,631,3264029,278,507,30,1188,1
10,212,0,3,662,459,890,423,354,286,0,394,159,862,3070115,553,777,286,1349,3
10,213,0,1,300,451,53,237,30,9,0,276,16,363,2001681,292,267,9,504,1
10,214,0,1,208,304,104,218,10,8,0,199,8,208,1900612,207,228,8,408,1
10,215,0,3,1111,860,318,511,188,152,0,542,49,1382,3937048,591,699,152,1178,3
10,216,0,4,1121,1155,512,675,222,115,0,685,150,1600,4800808,835,897,115,1667,4
10,217,0,4,80,575,155,541,88,20,0,277,61,450,2561468,338,629,20,730,4
10,218,0,2,112,1165,174,389,79,8,0,796,43,260,3330285,839,468,8,1339,2
10,219,0,4,429,949,1577,344,245,132,0,654,110,1174,3951531,764,589,132,2526,4
10,220,0,2,153,1582,103,228,34,19,0,645,37,159,3494471,682,262,19,1685,2
10,221,0,5,312,1642,186,332,84,12,0,574,100,603,4261126,674,416,12,1828,5
10,222,0,4,308,854,139,273,111,44,0,286,96,497,2970249,382,384,44,993,4
10,223,0,1,42,690,84,369,46,8,0,255,24,259,1666853,279,415,8,774,1
10,224,0,6,515,1122,289,294,130,48,0,456,57,730,3037106,513,424,48,1411,6
10,225,0,1,100,907,153,490,37,7,0,429,24,215,2032934,453,527,7,1060,1
10,226,0,2,476,331,264,190,100,21,0,182,53,778,1367187,235,290,21,595,2
10,227,0,3,236,539,129,155,75,25,0,168,36,481,1000854,204,230,25,668,3
10,228,0,2,160,571,325,97,118,35,0,207,58,454,636261,265,215,35,896,2
10,229,0,5,366,1039,235,346,122,39,0,595,103,948,2877649,698,468,39,1274,5
10,230,0,15,2515.714279174805,1350,3804,557,858.3529167175293,496.0714302062988,0,984,319,4353.11116027832,5838347,1303,1415.3529,496.07144,5154,15
10,231,0,2,153,1033,282,500,69,25,0,603,111,275,2728315,714,569,25,1315,2
10,232,0,5,178,1152,355,457,81,19,0,357,34,256,1705833,391,538,19,1507,5
10,233,0,2,140,1652,94,460,44,17,0,406,14,255,1625172,420,504,17,1746,2
10,234,0,3,148,1648,234,579,84,11,0,536,101,468,2959339,637,663,11,1882,3
10,235,0,4,136,2510,170,166,58,7,0,1063,54,225,2539737,1117,224,7,2680,4
10,236,0,3,170,1266,626,491,152,18,0,808,104,820,4390627,912,643,18,1892,3
10,237,0,1,43,991,126,791,59,8,0,560,36,173,2219042,596,850,8,1117,1
10,238,0,3,139,441,146,131,66,14,0,254,62,575,1759166,316,197,14,587,3
10,239,0,3,95,548,109,233,65,13,0,196,46,292,1125273,242,298,13,657,3
10,240,0,1,100,393,21,164,25,6,0,166,16,122,700817,182,189,6,414,1
11,241,0,1,100,141,70,16,15,8,0,44,4,124,43668,48,31,8,211,1
11,242,0,1,100,222,44,37,20,13,0,96,5,131,136351,101,57,13,266,1
11,243,1,1,100,243,114,29,32,24,2,93,5,198,146818,98,61,26,357,2
11,244,0,2,800,279,188,33,135,114,0,102,7,931,283499,109,168,114,467,2
12,245,2,1,30,93,41,41,19,8,3,30,4,47,48497,34,60,11,134,3
12,246,0,2,88,133,62,64,15,9,0,47,6,123,82477,53,79,9,195,2
12,247,1,1,54,127,12,62,10,7,2,53,3,64,76562,56,72,9,139,2
12,248,2,1,162,130,121,61,93,72,0,55,155430,197,174127,155485,154,72,251,3
12,249,0,1,111,131,15,88,23,20,0,63,2,131,80964,65,111,20,146,1
12,250,0,2,109,115,126,57,31,26,0,51,9,115,110572,60,88,26,241,2
12,251,8,1,90,163,73,72,18,18,1,68,7,121,98990,75,90,19,236,9
12,252,2,1,40,54,26,26,16,13,0,27,3,41,35016,30,42,13,80,3
12,253,0,2,90,79,89,35,18,5,0,31,8,106,147334,39,53,5,168,2
12,254,1,2,71,108,154,48,17,13,2,43,5,72,111810,48,65,15,262,3
12,255,0,1,80,122,143,70,19,14,0,38,2,100,78902,40,89,14,265,1
12,256,0,1,12,77,4,38,1,1,0,38,1,12,87906,39,39,1,81,1
12,257,0,1,50,9,37,3,3,2,0,3,3,51,6012,6,6,2,46,1
12,258,3,1,50,75,17,34,12,10,4,30,3,61,51945,33,46,14,92,4
12,259,0,2,128,115,138,56,20,17,0,47,7,141,144810,54,76,17,253,2
12,260,0,1,16,40,16,21,2,1,0,21,1,16,17306,22,23,1,56,1
13,261,0,1,50,221,33,9,10,8,0,65,5,56,250260,70,19,8,254,1
13,262,0,2,230,274,57,30,20,15,0,64,8,267,194548,72,50,15,331,2
13,263,0,1,40,327,29,23,9,6,0,67,4,43,140704,71,32,6,356,1
13,264,0,1,60,332,28,26,11,8,0,62,4,73,166312,66,37,8,360,1
13,265,0,9,1160,172,340,12,128,106,0,53,40,1278,378723,93,140,106,512,9
13,266,0,1,60,236,26,24,12,10,0,60,5,64,163418,65,36,10,262,1
13,267,0,1,80,269,47,21,17,15,0,48,4,92,196493,52,38,15,316,1
13,268,0,1,25,68,14,3,8,6,0,8,4,27,50433,12,11,6,82,1
13,269,0,1,30,35,17,7,9,7,0,12,4,32,73941,16,16,7,52,1
13,270,0,7,360,177,207,26,54,40,0,37,20,426,267924,57,80,40,384,7
13,271,0,3,50,188,30,11,7,5,0,28,7,55,95170,35,18,5,218,3
14,272,1,1,30,203,61,130,15,9,1,107,1,56,478872,108,145,10,264,2
14,273,0,1,50,130,23,54,9,6,0,34,1237,64,140561,1271,63,6,153,1
14,274,1,1,60,307,39,163,13,7,1,98,1051,79,273306,1149,176,8,346,2
14,275,0,1,50,81,84,53,40,19,0,25,2318,142,237399,2343,93,19,165,1
14,276,0,3,110,171,76,88,29,13,0,54,13,163,422164,67,117,13,247,3
14,277,0,1,500,142,959,57,368,230,0,52,21856,1102,517976,21908,425,230,1101,1
14,278,0,2,407,180,577,75,192,114,0,69,11276,644,455932,11345,267,114,757,2
14,279,0,1,50,126,13,55,6,4,0,50,2,60,183965,52,61,4,139,1
14,280,0,1,50,64,10,40,3,3,0,19,3,60,143745,22,43,3,74,1
15,281,0,8,4,101,12,15,6,6,0,44,17,11,86364,61,21,6,113,8
15,282,0,4,30,33,42,5,17,16,0,25,7,30,83955,32,22,16,75,4
15,283,4,2,3,115,36,32,53,12,0,115,61,91,400213,176,85,12,151,6
15,284,1,2,16,83,52,11,16,12,0,86,132,57,125689,218,27,12,135,3
15,285,2,2,8,66,18,5,15,12,0,43,8,18,64910,51,20,12,84,4
15,286,1,1,1,121,2,21,2,0,0,75,38355,14,161371,38430,23,0,123,2
15,287,0,1,1,68,19,9,6,1,0,84,6,6,117877,90,15,1,87,1
15,288,0,1,64,75,50,8,11,11,0,37,73,64,56574,110,19,11,125,1
16,289,21,10,991,539,598,485,487,380,49,346,50,1141,1725739,396,972,429,1137,31
16,290,22,5,365,635,153,523,73,51,39,392,16,365,876001,408,596,90,788,27
16,291,6,1,70,487,130,339,33,11,17,160,50,70,378230,210,372,28,617,7
16,292,7,6,232,364,159,214,73,42,16,155,25,232,693947,180,287,58,523,13
17,293,0,1,200,210,98,106,59,40,0,151,10,266,641937,161,165,40,308,1
17,294,0,1,100,148,41,68,23,14,0,92,3,146,316807,95,91,14,189,1
17,295,0,1,100,56,36,28,17,10,0,35,3,136,139519,38,45,10,92,1
17,296,0,2,200,183,105,97,38,18,0,100,8,271,381382,108,135,18,288,2
17,297,0,1,100,83,66,43,23,11,0,48,4,136,258173,52,66,11,149,1
17,298,0,1,600,190,222,109,144,57,0,109,30,951,824452,139,253,57,412,1
17,299,0,1,100,212,61,95,34,19,0,104,7,136,394556,111,129,19,273,1
18,300,1,3,185,476,155,290,61,13,2,188,17,270,886645,205,351,15,631,4
18,301,6,10,390,1006,370,503,161,68,8,242,25,504,1948827,267,664,76,1376,16
18,302,3,5,190,523,240,295,85,34,5,155,23,379,1007475,178,380,39,763,8
18,303,9,10,510,1252,279,722,115,40,17,373,36,600,1693249,409,837,57,1531,19
18,304,3,3,160,710,178,361,62,24,5,212,14,197,956959,226,423,29,888,6
18,305,16,10,470,1576,630,840,269,120,25,458,62,780,2823006,520,1109,145,2206,26
18,306,6,5,460,975,458,557,193,93,7,374,49,923,1910910,423,750,100,1433,11
18,307,5,3,90,702,163,406,58,22,8,265,13,141,1041198,278,464,30,865,8
18,308,2,4,155,326,138,172,49,14,3,147,14,212,684995,161,221,17,464,6
18,309,2,10,335,414,552,243,209,76,3,235,69,600,1327204,304,452,79,966,12
18,310,3,8,1740,863,505,553,193,115,4,395,68,1833,1324239,463,746,119,1368,11
18,311,5,5,95,921,206,579,93,16,11,366,32,196,1150770,398,672,27,1127,10
18,312,3,6,480,605,597,326,234,82,2,298,57,1289,1063026,355,560,84,1202,9
18,313,5,6,130,618,270,354,110,39,6,243,31,225,1066471,274,464,45,888,11
18,314,1,6,185,265,282,124,113,34,2,117,31,265,949334,148,237,36,547,7
18,315,0,4,85,174,168,85,72,29,0,43,17,118,212112,60,157,29,342,4
18,316,4,5,690,1025,338,480,126,25,5,288,41,940,1735918,329,606,30,1363,9
18,317,1,5,200,303,258,169,112,46,2,96,18,274,1228084,114,281,48,561,6
18,318,2,2,130,862,124,388,63,32,4,173,12,216,659259,185,451,36,986,4
18,319,1,3,160,286,176,164,85,45,1,89,27,199,738712,116,249,46,462,4
18,320,1,2,30,261,72,138,31,6,1,84,9,52,481812,93,169,7,333,3
18,321,5,8,181,704,333,360,126,32,6,171,40,315,1516871,211,486,38,1037,13
18,322,1,3,55,170,206,86,87,15,2,48,26,132,291484,74,173,17,376,4
18,323,5,4,75,604,206,322,79,34,10,184,24,119,771537,208,401,44,810,9
18,324,6,0,0,669,16,331,8,0,6,176,3,20,950075,179,339,6,685,6
18,325,3,2,60,658,159,476,51,22,3,224,16,104,928266,240,527,25,817,5
18,326,7,2,60,800,119,429,56,10,11,346,9,104,831515,355,485,21,919,9
19,327,18,6,831,516,149,205,47,24,20,635,211,1347,1551243,846,252,44,665,24
19,328,26,21,1753.388889312744,848,283,149,125.0225324630737,97.79411768913269,10,860,289,1969.906063079834,3872639,1149,274.02252,107.79412,1131,47
19,329,21,8,960,426,144,84,89,66,7,683,36,1235,2818741,719,173,73,570,29
19,330,25,6,604,619,276,160,178,96,18,825,53,786,3006914,878,338,114,895,31
19,331,9,4,637,360,355,186,79,71,8,390,15,698,1675637,405,265,79,715,13
19,332,18,9,685,697,158,218,101,67,22,1619,60,880,3938538,1679,319,89,855,27
19,333,37,23,2193,1431,460,427,354,214,84,1437,20042,3036,7103478,21479,781,298,1891,60
19,334,14,10,993,1217,132,261,76,53,12,919,2556,1195,3497052,3475,337,65,1349,24
19,335,112,37,4276.010639190674,1376,2417,507,1157.118511199951,394.1489362716675,52,3582,4909,6531.22420501709,7713103,8491,1664.1185,446.14893,3793,149
19,336,39,16,1910,803,616,345,393,271,26,1188,4586,2959,5167331,5774,738,297,1419,55
19,337,43,38,3093.27184677124,734,1555,323,701.1288814544678,312.1855673789978,20,3156,16762,4337.199752807617,10007170,19918,1024.1289,332.18558,2289,81
19,338,61,17,2058.95890045166,659,873,405,250.0765933990479,161.7428569793701,28,1735,1614,3022.701488494873,5518993,3349,655.0766,189.74286,1532,78
19,339,60,10,1278,1159,382,389,169,139,40,1577,261367,1426,3594541,262944,558,179,1541,70
19,340,95,10,614,1020,850,416,66,33,32,1139,50,774,2928962,1189,482,65,1870,105
19,341,7,34,6763.438014984131,538,329,285,902.6956367492676,719.9008264541626,8,522,5040,8869.093765258789,4849969,5562,1187.6957,727.90082,867,41
19,342,0,48,15367,0,26,0,13,0,0,0,468,15480,4496694,468,13,0,26,48
19,343,60,14,1405.663636207581,1331,136,543,141.3585755825043,67.609090924263,27,3145,3400,1508.745360374451,8140819,6545,684.35858,94.609093,1467,74
19,344,130,15,2144,1576,150,930,95,84,88,2939,1180,2475,5902920,4119,1025,172,1726,145
19,345,54,17,319,1139,259,569,159,108,39,2736,148,499,5057644,2884,728,147,1398,71
20,346,30,4,63,496,68,304,40,7,33,432,571,328,1322275,1003,344,40,564,34
20,347,48,2,60,707,85,554,20,14,58,436,122,90,1040688,558,574,72,792,50
20,348,39,5,110,753,110,477,54,8,52,522,389,243,715769,911,531,60,863,44
20,349,39,8,238,536,594,386,206,38,39,477,1681,499,2443340,2158,592,77,1130,47
20,350,21,6,221,171,98,99,32,23,4,616,1165,394,1488446,1781,131,27,269,27
20,351,32,4,100,424,65,264,13,11,33,315,6966,108,1310041,7281,277,44,489,36
20,352,17,6,165,206,123,110,44,23,16,479,197,270,1146148,676,154,39,329,23
20,353,17,1,26,295,35,172,5,5,21,187,311,83,899268,498,177,26,330,18
20,354,22,28,1624,394,426,221,367,246,23,274,5204,2197,2683654,5478,588,269,820,50
20,355,17,25,1700,287,1684,179,382,267,17,199,305,2166,2062151,504,561,284,1971,42
20,356,22,3,125,276,45,143,15,6,24,187,47,233,461749,234,158,30,321,25
20,357,9,37,1613,300,666,155,122,82,9,197,8649,3782,2291845,8846,277,91,966,46
20,358,40,6,142,409,184,338,37,17,41,309,160,187,1937655,469,375,58,593,46
20,359,13,3,111,222,142,114,50,4,11,173,38,217,726382,211,164,15,364,16
20,360,24,12,266,283,185,190,81,68,20,279,125,536,1733601,404,271,88,468,36
20,361,5,33,1003,131,637,33,224,117,5,114,152,1479,949405,266,257,122,768,38
20,362,35,10,186,731,171,238,134,50,38,442,97,304,1319452,539,372,88,902,45
20,363,6,4,46,373,69,339,17,9,6,427,4482,200,790089,4909,356,15,442,10
20,364,57,24,3122,720,2288,400,527,499,59,692,159,3261,2914146,851,927,558,3008,81
20,365,39,7,60,311,87,191,12,8,39,195,23,72,531525,218,203,47,398,46
20,366,41,2,100,777,39,377,12,10,42,403,861,117,1025146,1264,389,52,816,43
20,367,18,1,92,361,56,145,12,8,19,422,21076,105,599578,21498,157,27,417,19
20,368,39,17,717,3737,322,424,96,58,39,1494,128,845,1501873,1622,520,97,4059,56
20,369,27,11,193,417,58,271,84,32,34,534,132,343,1064470,666,355,66,475,38
21,370,1,5,197,299,210,69,52,20,6,285,52,315,1481138,337,121,26,509,6
21,371,0,9,379,103,133,27,84,58,0,86,161205,491,579419,161291,111,58,236,9
21,372,0,8,1124,259,988,62,145,106,0,250,56519,1208,1039191,56769,207,106,1247,8
21,373,0,3,80,104,132,37,64,13,0,82,11,109,310964,93,101,13,236,3
21,374,3,19,1320,605,1442,141,367,190,21,490,29944,2158,2092042,30434,508,211,2047,22
21,375,6,9,404,554,695,109,61,47,39,426,4906,437,1801039,5332,170,86,1249,15
21,376,7,9,494,917,294,231,150,97,45,739,162,683,2516984,901,381,142,1211,16
21,377,2,8,411,337,215,67,98,54,13,253,27,712,2317811,280,165,67,552,10
21,378,1,5,281,357,155,94,49,27,7,231,270,371,1505819,501,143,34,512,6
21,379,1,2,41,377,52,95,20,6,6,269,15,120,1439526,284,115,12,429,3
21,380,1,5,354,233,782,37,86,81,7,278,6,364,1136282,284,123,88,1015,6
21,381,6,16,2140,489,1918,137,374,257,39,600,302,2418,2614902,902,511,296,2407,22
21,382,2,4,257,402,115,134,42,27,12,306,19,335,1826004,325,176,39,517,6
21,383,14,5,264,506,138,203,58,45,99,244,39,309,1191860,283,261,144,644,19
21,384,3,9,587,245,230,59,107,70,21,232,96,685,1271171,328,166,91,475,12
21,385,2,8,334,301,279,102,77,42,13,210,28,530,957524,238,179,55,580,10
21,386,4,13,2472,335,1874,95,469,312,26,260,638,3192,2250654,898,564,338,2209,17
21,387,4,11,592,368,200,104,91,43,28,328,36,803,1697616,364,195,71,568,15
21,388,6,32,1856,946,1525,288,281,160,42,642,17891,2303,3524484,18533,569,202,2471,38
21,389,2,5,211,195,109,44,49,22,13,161,12874,310,574544,13035,93,35,304,7
21,390,5,5,298,470,207,229,59,46,39,336,18,364,722411,354,288,85,677,10
21,391,7,1,92,201,15,86,13,10,51,106,2,98,438187,108,99,61,216,8
21,392,2,4,211,158,278,50,24,18,14,149,11,235,608749,160,74,32,436,6
21,393,1,9,354,706,150,125,65,50,7,410,30,404,1643301,440,190,57,856,10
21,394,5,2,32,339,38,135,11,7,39,141,207,32,609762,348,146,46,377,7
21,395,8,6,287,497,171,156,76,51,57,374,26,429,1572587,400,232,108,668,14
21,396,0,6,207,367,203,89,49,33,0,282,30,264,960956,312,138,33,570,6
21,397,12,7,246,529,123,154,39,16,79,376,15,365,1220901,391,193,95,652,19
21,398,3,16,412,480,366,133,106,69,19,340,8009,554,1377343,8349,239,88,846,19
21,399,0,4,151,203,63,52,20,17,0,152,76,161,611118,228,72,17,266,4
22,400,0,10,445,281,412,39,61,28,0,206,40,869,573106,246,100,28,693,10
22,401,0,21,923,1067,532,136,104,66,0,773,80,1452,2359761,853,240,66,1599,21
22,402,0,4,186,554,212,86,39,26,0,322,35,370,851669,357,125,26,766,4
22,403,0,17,847,557,351,92,64,43,0,449,102,1045,1493565,551,156,43,908,17
22,404,0,4,160,331,209,48,47,33,0,316,26,215,841262,342,95,33,540,4
22,405,0,10,152,431,402,57,164,17,0,335,87,599,1619563,422,221,17,833,10
22,406,0,10,261,561,265,120,149,12,0,605,97,586,2297668,702,269,12,826,10
22,407,0,6,170,214,121,24,45,26,0,191,26,300,822200,217,69,26,335,6
22,408,0,6,400,704,315,107,69,25,0,417,103,590,1536284,520,176,25,1019,6
22,409,0,30,1053,951,735,281,146,88,0,680,802,1750,2557055,1482,427,88,1686,30
22,410,0,107,1083,834,2299,172,409,278,0,841,656,1475,4063259,1497,581,278,3133,107
22,411,0,6,204,419,221,88,55,26,0,310,40,402,1032361,350,143,26,640,6
22,412,0,7,510,318,646,56,150,83,0,247,166,584,799549,413,206,83,964,7
22,413,0,6,320,534,266,122,75,31,0,294,48,552,748372,342,197,31,800,6
22,414,0,20,579,761,469,185,159,140,0,484,72,799,1412959,556,344,140,1230,20
22,415,0,1,100,74,54,11,3,3,0,76,3,118,138488,79,14,3,128,1
22,416,0,9,382,238,411,32,75,53,0,132,31,694,533406,163,107,53,649,9
22,417,0,3,66,98,12,18,30,13,0,93,8,80,254069,101,48,13,110,3
23,418,8,1,100,409,71,270,28,20,10,132,34,160,687625,166,298,30,480,9
23,419,0,2,358,722,376,360,83,44,0,256,86,657,1965954,342,443,44,1098,2
23,420,10,1,300,524,224,242,70,12,11,209,126,559,1702863,335,312,23,748,11
23,421,0,6,468,935,709,574,107,48,0,589,242,1115,2031694,831,681,48,1644,6
23,422,0,2,236,201,221,156,49,19,0,152,42,399,786601,194,205,19,422,2
23,423,9,1,300,491,233,441,65,28,7,235,104,557,1725566,339,506,35,724,10
23,424,4,1,200,413,283,346,27,1,6,216,146,407,1444627,362,373,7,696,5
23,425,0,2,300,397,624,333,87,30,0,231,185,722,1762063,416,420,30,1021,2
23,426,0,1,132,334,198,194,33,14,0,172,74,249,1016037,246,227,14,532,1
23,427,13,2,414,518,549,341,121,49,13,354,101,885,2377003,455,462,62,1067,15
23,428,0,1,175,195,118,186,62,26,0,222,129,422,1263392,351,248,26,313,1
23,429,0,1,220,754,415,486,76,25,0,322,143,596,2226608,465,562,25,1169,1
23,430,8,2,1141,678,660,440,170,136,16,375,110,1491,2359742,485,610,152,1338,10
23,431,0,1,100,351,324,253,47,10,0,114,18,241,644572,132,300,10,675,1
23,432,17,1,200,365,188,266,35,15,23,141,118,455,825526,259,301,38,553,18
23,433,17,3,599,641,242,448,54,26,28,209,101,1038,1340326,310,502,54,883,20
23,434,22,2,611,309,625,280,58,25,14,197,82,1009,1454637,279,338,39,934,24
23,435,7,1,777.7777786254883,221,614,181,110.6666660308838,52.22222232818604,2,138,64,1345.888885498047,1986588,202,291.66666,54.222221,835,8
23,436,0,4,270,199,244,163,77,31,0,121,138,698,1512492,259,240,31,443,4
23,437,0,1,300,688,598,297,102,33,0,194,82,592,1563156,276,399,33,1286,1
23,438,0,2,151.8461542129517,1238,303,655,106.8461542129517,16.15384614467621,0,443,106,637.538459777832,2185067,549,761.84613,16.153847,1541,2
23,439,3,3,300,339,352,271,130,69,5,235,94,618,1282087,329,401,74,691,6
23,440,21,3,400,697,474,572,86,42,13,398,107,721,1872176,505,658,55,1171,24
23,441,0,2,308,899,378,524,59,30,0,315,102,517,1385824,417,583,30,1277,2
23,442,0,2,400,447,411,318,75,17,0,233,69,735,1545042,302,393,17,858,2
23,443,0,3,460,490,409,334,71,45,0,159,76,689,1457798,235,405,45,899,3
23,444,1,15,1610,139,4672,112,549,240,2,85,1177,4233,2370708,1262,661,242,4811,16
23,445,9,1,200,598,351,603,57,28,11,269,27,455,1310914,296,660,39,949,10
23,446,3,2,180,321,383,216,68,26,4,160,87,475,1330322,247,284,30,704,5
23,447,0,3,320,631,534,391,73,22,0,405,67,702,1574521,472,464,22,1165,3
23,448,0,1,100,85,141,98,21,11,0,125,17,190,569839,142,119,11,226,1
23,449,6,2,378,119,474,90,68,14,3,184,73,814,1241128,257,158,17,593,8
23,450,10,2,232,219,323,136,40,30,8,194,99,296,1291317,293,176,38,542,12
23,451,0,4,185,204,515,152,90,31,0,243,79,473,1380870,322,242,31,719,4
23,452,0,1,200,126,276,129,58,18,0,327,49,443,1090823,376,187,18,402,1
23,453,0,1,100,104,123,92,8,5,0,211,17,140,704171,228,100,5,227,1
23,454,1,1,300,227,329,189,59,29,1,333,39,507,1054469,372,248,30,556,2
23,455,11,1,400,430,770,257,151,30,12,317,177,1211,2089813,494,408,42,1200,12
23,456,2,1,245,257,353,168,39,18,0,346,48,435,1378817,394,207,18,610,3
23,457,16,1,300,288,349,184,69,26,6,304,86,586,1701036,390,253,32,637,17
23,458,0,1,270,296,241,225,56,34,0,223,118,422,1241162,341,281,34,537,1
23,459,0,1,100,182,123,117,21,12,0,149,33,220,844446,182,138,12,305,1
23,460,3,1,300,260,254,213,51,20,3,118,66,621,1045007,184,264,23,514,4
23,461,0,1,100,178,121,180,51,19,0,134,30,235,749125,164,231,19,299,1
23,462,0,1,162,123,260,95,40,18,0,140,27,377,1126146,167,135,18,383,1
23,463,0,1,200,208,53,124,14,4,0,118,11,230,1177864,129,138,4,261,1
23,464,0,2,200,253,206,188,42,19,0,221,14,425,1024854,235,230,19,459,2
23,465,0,1,100,150,83,112,20,15,0,120,29,167,728862,149,132,15,233,1
23,466,1,1,400,203,132,170,63,47,0,217,33,694,1310029,250,233,47,335,2
23,467,6,1,200,125,192,221,22,12,2,202,73,436,757756,275,243,14,317,7
24,468,7,8,761,528,478,95,179,78,3,446,158,1169,2091978,604,274,81,1006,15
24,469,0,8,731,324,241,205,107,40,0,522,186,899,3120453,708,312,40,565,8
24,470,0,5,345,209,128,73,69,23,0,256,87,428,1343734,343,142,23,337,5
24,471,0,7,775,434,419,84,182,86,0,352,158,1049,2035064,510,266,86,853,7
24,472,25,6,475,721,207,216,107,24,23,586,105,746,2428402,691,323,47,928,31
24,473,1,5,497,312,213,57,137,73,0,224,145,611,1391753,369,194,73,525,6
24,474,3,10,42462,331,2183,85,618,358,3,293,1442,43093,7158223,1735,703,361,2514,13
24,475,0,8,479,299,211,124,91,38,0,275,129,634,1756268,404,215,38,510,8
24,476,6,11,1559,472,1090,115,549,442,7,406,619,1798,3804558,1025,664,449,1562,17
24,477,3,9,1607,487,1739,55,489,351,1,298,117,2054,2159681,415,544,352,2226,12
24,478,1,3,126,197,70,34,51,18,0,106,27,184,585100,133,85,18,267,4
24,479,3,9,797,617,509,118,166,65,5,469,170,1119,2742531,639,284,70,1126,12
24,480,8,7,459,712,276,88,88,37,6,299,116,530,1514176,415,176,43,988,15
24,481,3,9,1071,611,673,126,358,228,0,413,163,1445,2880336,576,484,228,1284,12
24,482,1,9,1151,633,868,57,540,434,1,331,146,1598,2092745,477,597,435,1501,10
24,483,0,8,585,670,284,105,130,62,0,393,136,798,2299874,529,235,62,954,8
24,484,5,5,416,593,213,146,88,38,2,658,91,515,2390718,749,234,40,806,10
24,485,1,4,365,583,168,100,63,27,1,475,29,439,2127062,504,163,28,751,5
24,486,11,12,4324,587,2066,136,887,612,7,686,438,4868,4165337,1124,1023,619,2653,23
24,487,0,4,176,195,117,26,37,14,0,153,26,249,590254,179,63,14,312,4
24,488,7,5,385,365,192,65,103,39,5,283,103,527,1550967,386,168,44,557,12
24,489,0,1,150,22,65,11,18,9,0,55,6,157,228291,61,29,9,87,1
24,490,0,6,796,980,165,134,119,52,0,356,111,960,1329672,467,253,52,1145,6
24,491,0,10,1956,554,1089,58,401,330,0,373,133,2127,1705678,506,459,330,1643,10
24,492,1,6,2211,561,849,74,453,328,2,426,624,2697,6047446,1050,527,330,1410,7
24,493,12,2,210,365,72,63,45,19,2,330,39,254,807022,369,108,21,437,14
25,494,0,1,40,13,62,3,8,2,0,6,4,70,52074,10,11,2,75,1
25,495,0,2,142,27,83,0,20,15,0,12,22,213,191173,34,20,15,110,2
26,496,0,1,231,152,287,26,50,41,0,47,35,233,343709,82,76,41,439,1
27,497,58,8,431,1544,376,515,127,63,58,627,151,782,1648191,778,642,121,1920,66
27,498,45,8,800,1298,373,414,208,159,45,534,78,1210,2050819,612,622,204,1671,53
27,499,85,18,896,2370,605,720,179,93,85,951,991,1602,4229866,1942,899,178,2975,103
27,500,53,14,918,1338,840,450,140,66,53,593,224,1568,2585690,817,590,119,2178,67
27,501,29,6,1007,821,499,284,253,208,29,380,242,1258,1813394,622,537,237,1320,35
27,502,28,4,290,749,117,248,37,9,28,322,54,380,1197060,376,285,37,866,32
27,503,55,14,1163,1576,856,520,200,110,55,710,304,1791,2887174,1014,720,165,2432,69
27,504,26,10,553,836,485,233,121,73,26,347,125,829,1299452,472,354,99,1321,36
27,505,41,31,4507,1343,3166,367,410,242,41,535,786,5392,4651554,1321,777,283,4509,72
27,506,34,6,712,955,507,265,108,57,34,377,123,1075,1199964,500,373,91,1462,40
27,507,41,5,526,1237,352,391,97,34,41,495,162,863,1322318,657,488,75,1589,46
27,508,41,9,412,1517,229,432,77,43,41,659,28,672,1070868,687,509,84,1746,50
27,509,54,23,1063,1582,588,468,143,72,54,632,186,1601,2203710,818,611,126,2170,77
27,510,65,15,1152,1902,653,553,261,164,65,796,231,1727,2771530,1027,814,229,2555,80
27,511,63,18,983,1732,895,536,279,136,63,734,358,1995,3361128,1092,815,199,2627,81
27,512,26,3,180,677,101,216,117,104,26,304,46,265,1177156,350,333,130,778,29
27,513,31,10,709,841,561,236,131,55,31,392,220,1120,1836083,612,367,86,1402,41
27,514,47,5,750,1209,396,370,127,84,47,482,157,1040,1959009,639,497,131,1605,52
27,515,56,13,1418,1482,694,452,173,58,56,622,342,2034,3700998,964,625,114,2176,69
27,516,113,24,1835,3195,1723,943,321,182,113,1280,818,2980,6107161,2098,1264,295,4918,137
27,517,58,27,2059,1842,2439,534,624,270,58,859,1241,3702,11060024,2100,1158,328,4281,85
27,518,0,17,2176,0,1874,0,586,131,0,0,792,8831,9356962,792,586,131,1874,17
27,519,0,19,9645,0,3653,0,2068,1892,0,0,435,10943,3085411,435,2068,1892,3653,19
27,520,31,17,615.3095235824585,1113,458,348,156.7380952835083,73.71428573131561,31,502,184,1220.166667938232,2633761,686,504.7381,104.71429,1571,48
27,521,103,38,3004,2568,2052,967,436,118,103,1383,1054,5535,9428885,2437,1403,221,4620,141
27,522,104,104,3331,2559,1472,904,767,587,104,1325,454,4645,4543159,1779,1671,691,4031,208
27,523,53,18,1348,1265,647,457,298,252,53,621,265,1675,2585042,886,755,305,1912,71
27,524,54,6,346,1181,389,429,185,90,54,582,205,871,2454134,787,614,144,1570,60
27,525,49,8,640,1073,346,408,155,84,49,532,82,1039,1657553,614,563,133,1419,57
27,526,81,30,1489,1944,960,695,248,86,81,1029,438,3181,4317749,1467,943,167,2904,111
27,527,68,14,831,1824,627,688,164,65,68,935,345,1534,3003325,1280,852,133,2451,82
27,528,44,8,502,1813,548,477,89,44,44,688,86,1045,1614629,774,566,88,2361,52
27,529,29,5,290,1041,184,288,65,30,29,414,46,502,849592,460,353,59,1225,34
27,530,85,17,1703,2248,1139,723,232,123,85,1024,540,2228,3875942,1564,955,208,3387,102
27,531,65,7,553,1749,876,560,98,43,65,892,416,932,2822143,1308,658,108,2625,72
28,532,1,15,926,1166,358,143,153,115,2,937,99,1299,2740574,1036,296,117,1524,16
28,533,0,5,360,1185,157,115,64,36,0,632,38,591,2551243,670,179,36,1342,5
28,534,0,9,798,1859,268,184,116,71,0,1119,134,1148,3764601,1253,300,71,2127,9
28,535,0,8,718,1267,478,151,155,76,0,661,146,1460,2941421,807,306,76,1745,8
28,536,0,19,7427,0,3845,0,1615,1220,0,0,1422,10943,496057,1422,1615,1220,3845,19
28,537,2,10,752,1049,358,73,133,76,3,713,235,1367,2620964,948,206,79,1407,12
28,538,0,11,850,2562,403,175,127,80,0,1339,77,1360,4052858,1416,302,80,2965,11
28,539,3,4,550,2559,305,119,109,54,6,1062,72,1010,3488701,1134,228,60,2864,7
28,540,26,5,499.375,2618,258,216,71.3125,49.9375,26,1136,129,1059.375,3469614,1265,287.3125,75.9375,2876,31
28,541,4,3,450,1753,216,205,88,54,13,801,63,710,2784759,864,293,67,1969,7
28,542,4,3,450,3150,196,132,74,43,13,1266,85,690,2699757,1351,206,56,3346,7
28,543,2,3,350,1750,249,121,92,41,2,789,363,793,2343449,1152,213,43,1999,5
28,544,0,11,2574,8538,1500,787,390,300,0,3197,142,3470,3530251,3339,1177,300,10038,11
28,545,0,5,750,2750,424,230,136,77,0,1436,115,1280,5046996,1551,366,77,3174,5
28,546,0,3,592.3076934814453,3178,341,120,118.1538467407227,59.23076915740967,0,1451,91,1236.923080444336,3936747,1542,238.15384,59.23077,3519,3
28,547,0,7,1010,2304,459,174,146,89,0,1148,249,1550,4395878,1397,320,89,2763,7
28,548,0,10,1807.5,1585,623,212,236,136.0714282989502,0,940,302,2738.214263916016,4887780,1242,448,136.07143,2208,10
28,549,0,5,850,1679,309,149,131,79,0,796,209,1260,3389993,1005,280,79,1988,5
28,550,0,3,800,3930,379,156,132,87,0,1661,184,1265,2962669,1845,288,87,4309,3
28,551,0,6,630,1558,324,165,117,63,0,920,98,1255,2814478,1018,282,63,1882,6
28,552,0,5,1570,1490,711,191,205,139,0,734,174,2310,3740571,908,396,139,2201,5
28,553,17,4,1012.5,2477,446,355,166.25,99,30,1012,525,1795,4074791,1537,521.25,129,2923,21
28,554,14,9,1530,2792,637,171,240,141,16,1147,181,2480,4169197,1328,411,157,3429,23
29,555,0,14,2020,2751,1974,1152,512,204,0,1149,167,4420,4779515,1316,1664,204,4725,14
29,556,0,13,950,1040,699,410,277,51,0,354,109,2330,1889696,463,687,51,1739,13
29,557,0,6,830,1712,563,357,115,36,0,469,47,1861,2177331,516,472,36,2275,6
29,558,0,6,1830,1219,267,498,185,65,0,404,85,3867,1703300,489,683,65,1486,6
29,559,0,7,1630,1227,419,262,224,43,0,338,68,2605,1928578,406,486,43,1646,7
29,560,0,5,430,961,197,221,85,25,0,281,38,974,1389785,319,306,25,1158,5
29,561,0,7,760,830,444,141,168,41,0,266,89,1925,1064512,355,309,41,1274,7
29,562,0,3,300,1076,220,126,93,38,0,257,28,666,903118,285,219,38,1296,3
29,563,0,10,1300,1485,814,263,382,142,0,502,82,2940,1382988,584,645,142,2299,10
29,564,0,8,810,1469,370,245,124,43,0,442,55,1700,1597668,497,369,43,1839,8
29,565,0,11,1988,1316,841,248,334,99,0,448,99,5416,2452370,547,582,99,2157,11
29,566,0,8,1010,1564,691,305,182,54,0,430,74,2283,1658661,504,487,54,2255,8
29,567,0,6,1450,1378,1138,309,424,95,0,492,166,3738,1945129,658,733,95,2516,6
29,568,0,8,1680,1668,813,344,268,69,0,501,151,3871,1750801,652,612,69,2481,8
29,569,0,4,480,1111,438,259,180,39,0,421,118,1430,1177361,539,439,39,1549,4
29,570,0,9,1100,1510,1040,364,371,81,0,544,131,3076,1136715,675,735,81,2550,9
29,571,0,10,1300,2014,684,508,293,106,0,707,90,2936,2675086,797,801,106,2698,10
29,572,0,22,7188,507,4572,105,693,293,0,183,340,15569,9569111,523,798,293,5079,22
29,573,0,8,1630,1793,899,448,459,192,0,681,57,3541,1804889,738,907,192,2692,8
29,574,0,8,1950,2368,638,451,320,125,0,740,68,4130,1773427,808,771,125,3006,8
29,575,0,10,1485,1567,1283,217,430,111,0,530,241,3709,2089649,771,647,111,2850,10
29,576,0,5,820,781,531,149,128,39,0,307,37,1742,554344,344,277,39,1312,5
29,577,0,40,2394,1850,1621,443,872,279,0,705,256,5903,3000439,961,1315,279,3471,40
29,578,0,4,600,848,426,230,166,41,0,369,67,1476,1020147,436,396,41,1274,4
29,579,0,10,1540,1578,1784,387,330,96,0,500,200,3598,2566267,700,717,96,3362,10
29,580,0,5,336,639,111,164,57,22,0,227,19,476,1174044,246,221,22,750,5
29,581,0,8,1105,934,408,190,148,72,0,320,110,1476,1534932,430,338,72,1342,8
29,582,0,6,660,902,312,175,156,56,0,290,56,1486,1253838,346,331,56,1214,6
29,583,0,5,430,1419,328,136,125,32,0,288,62,1042,989708,350,261,32,1747,5
29,584,0,6,460,877,317,205,124,49,0,365,45,975,1082016,410,329,49,1194,6
30,585,0,5,1762,470,968,247,385,265,0,101,134,2200,817934,235,632,265,1438,5
30,586,3,8,544,234,604,100,185,120,19,82,97,782,640364,179,285,139,838,11
31,587,0,2,70,37,148,6,24,10,0,11,16,150,64417,27,30,10,185,2
32,588,0,3,612,672,688,268,203,38,0,248,132,1835,1307375,380,471,38,1360,3
32,589,1,5,1566,620,721,246,345,113,3,229,213,2023,2523003,442,591,116,1341,6
32,590,2,1,43,872,34,278,16,5,33,254,13,143,817420,267,294,38,906,3
32,591,0,12,4536,624,1134,199,481,312,0,264,181,5022,3086293,445,680,312,1758,12
32,592,0,9,1278,1499,785,519,256,95,0,492,231,1466,4112920,723,775,95,2284,9
32,593,6,11,1539,1840,777,692,236,117,27,615,103,1934,2809934,718,928,144,2617,17
32,594,4,30,6379,1067,1635,477,506,222,235,284,361,6898,3121200,645,983,457,2702,34
32,595,4,20,3152,1163,1268,351,485,173,11,329,400,4015,3282388,729,836,184,2431,24
32,596,2,1,144,1247,112,380,63,11,7,418,46,329,1108974,464,443,18,1359,3
32,597,0,6,2847,1205,487,446,191,100,0,515,133,3158,1974551,648,637,100,1692,6
32,598,5,8,2141,1085,965,313,452,285,13,352,229,2465,2127789,581,765,298,2050,13
32,599,5,4,607,1195,263,422,74,47,30,392,50,652,1197412,442,496,77,1458,9
32,600,0,11,1696,1127,849,350,217,90,0,445,243,2000,2635375,688,567,90,1976,11
32,601,0,18,7175,1115,1240,359,526,301,0,409,286,10541,3301427,695,885,301,2355,18
33,602,0,13,1523,1408,1418,396,467,200,0,632,374,2419,3663295,1006,863,200,2826,13
33,603,0,69,4520,0,3894,0,1235,800,0,0,2155,6348,4646732,2155,1235,800,3894,69
33,604,0,16,1121,1273,2022,326,694,278,0,609,497,2590,3739644,1106,1020,278,3295,16
33,605,0,20,1187,1786,1691,449,487,173,0,824,586,2414,3936271,1410,936,173,3477,20
33,606,1,6,601,2050,642,675,175,64,5,779,182,1130,2464774,961,850,69,2692,7
33,607,0,10,440,2439,844,559,234,101,0,1111,207,953,3458620,1318,793,101,3283,10
33,608,0,13,1273,2113,1899,589,473,154,0,851,439,2605,3481835,1290,1062,154,4012,13
33,609,0,8,464,1389,865,419,252,73,0,568,285,1145,1726601,853,671,73,2254,8
33,610,0,15,1307,1220,1607,345,493,224,0,523,516,2429,2251744,1039,838,224,2827,15
33,611,0,8,1204,698,645,169,226,99,0,222,139,1701,735394,361,395,99,1343,8
33,612,1,12,739,1593,970,433,304,107,3,732,219,1617,2159734,951,737,110,2563,13
33,613,1,6,330,876,523,250,152,65,5,334,152,646,1064493,486,402,70,1399,7
33,614,0,13,1260,1561,1623,339,293,114,0,743,288,1944,2722267,1031,632,114,3184,13
33,615,2,5,93,690,284,223,68,33,7,227,30,191,565135,257,291,40,974,7
33,616,0,3,157,936,153,239,44,17,0,309,37,235,754894,346,283,17,1089,3
33,617,0,9,739,1463,955,412,375,220,0,626,236,1327,2605914,862,787,220,2418,9
33,618,0,12,471,1203,602,318,183,81,0,601,159,835,1616442,760,501,81,1805,12
33,619,0,9,447,1135,424,277,124,51,0,413,135,755,1264250,548,401,51,1559,9
33,620,0,15,2089,1583,1512,482,349,183,0,562,298,2776,2405728,860,831,183,3095,15
33,621,0,10,838,1358,726,350,176,91,0,517,155,1168,1617842,672,526,91,2084,10
33,622,0,12,714,1113,810,291,201,92,0,511,182,1130,1338939,693,492,92,1923,12
33,623,0,13,2779,1192,2033,320,559,311,0,529,414,3708,3038035,943,879,311,3225,13
33,624,0,8,711,991,1102,297,259,93,0,352,289,1303,1245857,641,556,93,2093,8
33,625,0,8,878,995,1024,269,275,105,0,415,359,1600,1942014,774,544,105,2019,8
33,626,2,8,533,1033,688,280,153,57,7,450,162,822,1353404,612,433,64,1721,10
33,627,0,9,1783,1001,1177,283,459,273,0,440,235,2462,1750145,675,742,273,2178,9
33,628,0,18,1112,2028,1849,542,710,114,0,753,389,2574,3077172,1142,1252,114,3877,18
33,629,0,11,656,886,1372,280,411,73,0,277,474,2113,1870352,751,691,73,2258,11
33,630,0,4,88,1085,276,266,80,12,0,486,115,320,1506757,601,346,12,1361,4
33,631,0,5,414,1341,439,329,200,138,0,571,102,897,1879692,673,529,138,1780,5
33,632,0,16,1108.840579986572,983,1835,260,572.2753629684448,201.8840579986572,0,403,550,2548.594207763672,3457991,953,832.27539,201.88406,2818,16
33,633,0,8,1166,1063,1210,309,297,79,0,430,368,2101,2478983,798,606,79,2273,8
34,634,0,1,100,0,89,0,32,22,0,0,14,111,55626,14,32,22,89,1
34,635,0,9,3038,1029,3451,225,688,406,0,89,123,3758,950289,212,913,406,4480,9
34,636,0,2,201,0,216,0,38,25,0,0,12,242,41816,12,38,25,216,2
34,637,0,1,506,497,513,140,75,36,0,34,17,774,200222,51,215,36,1010,1
35,638,1,0,0,79,0,13,0,0,0,42,0,0,36320,42,13,0,79,1
35,639,0,0,0,193,0,35,0,0,0,64,0,0,104684,64,35,0,193,0
35,640,3,3,497,205,49,39,3,3,5,68,17,528,237952,85,42,8,254,6
